000009
000010
000011
000012
000013
000014
000015
000016
000017
000018
000019
000020
000021
000022
000023
000024
000025
000026
000027
000028
000029
000030
000031
000032
000033
000034
000035
000036
000037
000038
000039
000040
000041
000042
000043
000044
000045
000046
000047
000048
000049
000050
000051
000052
000053
000054
000055
000056
000057
000058
000059
000060
000061
000062
000063
000064
000065
000066
000067
000068
000069
000070
000071
000072
000073
000074
000075
000076
000077
000078
000079
000080
000081
000082
000083
000084
000085
000086
000087
000088
000089
000090
000091
000092
000103
000104
000105
000106
000107
000108
000109
000110
000111
000112
000113
000114
000115
000116
000117
000118
000119
000120
000121
000122
000123
000124
000125
000126
000127
000128
000129
000130
000131
000132
000133
000134
000135
000136
000137
000138
000139
000140
000141
000142
000143
000144
000145
000146
000147
000148
000149
000150
000151
000152
000153
000154
000155
000156
000157
000158
000159
000160
000161
000162
000163
000164
000165
000166
000167
000168
000169
000170
000171
000172
000173
000174
000175
000176
000177
000178
000179
000180
000181
000182
000183
000184
000185
000186
000187
000188
000189
000190
000191
000192
000193
000194
000195
000196
000197
000198
000199
000200
000201
000202
000203
000204
000205
000206
000217
000218
000238
000239
000240
000241
000242
000243
000244
000245
000246
000247
000248
000249
000260
000261
000262
000263
000264
000265
000266
000267
000268
000269
000270
000271
000272
000273
000274
000275
000276
000277
000278
000279
000280
000281
000282
000283
000284
000285
000286
000287
000288
000289
000290
000291
000292
000293
000294
000295
000296
000297
000298
000299
000300
000301
000302
000303
000304
000305
000306
000307
000308
000309
000310
000311
000312
000313
000314
000315
000316
000317
000318
000319
000320
000321
000322
000323
000324
000325
000326
000327
000328
000329
000330
000331
000332
000333
000334
000335
000336
000337
000338
000339
000340
000341
000342
000343
000344
000345
000346
000347
000348
000349
000350
000351
000352
000353
000354
000355
000356
000357
000358
000359
000360
000361
000362
000363
000364
000365
000366
000367
000368
000369
000370
000371
000372
000373
000374
000375
000376
000377
000378
000379
000380
000381
000382
000383
000384
000385
000386
000387
000388
000389
000390
000391
000392
000393
000394
000395
000396
000397
000398
000399
000400
000401
000402
000403
000404
000405
000406
000407
000408
000409
000885
000886
000887
000888
000889
000890
000891
000892
000893
000894
000895
000896
000897
000898
000899
000900
000901
000902
000903
000904
000905
000906
000927
000928
000929
000930
000931
000932
000933
000934
000935
000936
000937
000938
000939
000940
000941
000942
000943
000944
000945
000946
000947
000948
000949
000950
000951
000952
000953
000954
000955
000956
000957
000958
000959
000960
000961
000962
000963
000964
000965
000966
000967
000968
000969
000980
000981
000982
000983
000984
000985
000986
000987
000988
000989
000990
000991
000992
000993
000994
000995
000996
000997
000998
000999
001000
001001
001002
001003
001004
001005
001006
001007
001008
001009
001010
001011
001012
001013
001014
001015
001016
001017
001018
001019
001020
001021
001022
001023
001024
001025
001026
001027
001028
001029
001030
001031
001032
001033
001034
001035
001036
001037
001038
001039
001040
001041
001042
001043
001044
001045
001046
001047
001048
001049
001050
001051
001052
001053
001054
001055
001056
001057
001058
001059
001060
001061
001062
001063
001064
001065
001066
001067
001068
001069
001070
001071
001072
001073
001084
001085
001086
001087
001088
001089
001090
001091
001092
001093
001094
001095
001096
001097
001098
001099
001100
001101
001102
001103
001104
001105
001106
001107
001108
001109
001110
001111
001112
001113
001114
001115
001116
001117
001118
001119
001120
001121
001122
001123
001124
001125
001126
001127
001128
001129
001130
001131
001132
001133
001134
001135
001136
001137
001138
001139
001140
001141
001142
001143
001144
001145
001146
001157
001158
001159
001160
001161
001162
001163
001164
001165
001166
001167
001168
001169
001170
001171
001172
001173
001174
001175
001176
001177
001178
001179
001180
001181
001182
001183
001184
001185
001186
001187
001188
001189
001190
001191
001192
001193
001194
001195
001196
001197
001198
001199
001200
001201
001202
001203
001204
001205
001206
001207
001208
001209
001210
001211
001212
001213
001214
001215
001216
001217
001218
001219
001220
001221
001222
001223
001224
001225
001226
001227
001228
001229
001230
001231
001232
001233
001234
001235
001236
001237
001238
001239
001240
001241
001242
001243
001244
001245
001246
001247
001248
001249
001250
001251
001252
001253
001254
001255
001256
001257
001258
001259
001260
001261
001262
001263
001264
001265
001266
001267
001268
001269
001270
001271
001272
001273
001274
001275
001276
001277
001278
001279
001280
001281
001282
001283
001284
001285
001286
001287
001288
001289
001290
001291
001292
001293
001294
001295
001296
001297
001298
001299
001300
001301
001302
001303
001304
001305
001306
001307
001308
001309
001310
001311
001312
001313
001314
001315
002133
002134
002135
002136
002137
002138
002139
002140
002141
002142
002143
002144
002145
002146
002147
002148
002149
002150
002151
002152
002153
002154
002155
002156
002157
002158
002159
002160
002161
002162
002163
002164
002165
002166
002167
002168
002169
002170
002171
002172
002173
002174
002175
002176
002177
002178
002179
002180
002181
002182
002183
002184
002185
002186
002187
002188
002189
002190
002191
002192
002193
002194
002195
002196
002197
002198
002199
002200
002201
002202
002203
002206
002207
002208
002209
002210
002211
002212
002213
002214
002215
002216
002217
002218
002219
002220
002221
002222
002223
002224
002225
002226
002227
002228
002229
002230
002231
002232
002233
002234
002235
002236
002237
002238
002239
002240
002241
002242
002243
002244
002245
002246
002247
002248
002249
002250
002251
002252
002253
002254
002255
002256
002257
002258
002259
002260
002261
002262
002263
002264
002265
002266
002267
002268
002269
002270
002271
002272
002273
002274
002275
002276
002277
002278
002279
002280
002281
002282
002283
002284
002285
002286
002287
002288
002289
002290
002291
002292
002293
002294
002295
002296
002297
002298
002299
002300
002301
002302
002303
002304
002305
002306
002307
002308
002309
002310
002311
002312
002313
002314
002315
002316
002317
002318
002319
002320
002321
002322
002323
002324
002325
002326
002327
002328
002329
002330
002331
002332
002333
002334
002335
002336
002337
002338
002339
002340
002341
002342
002343
002344
002345
002346
002347
002348
002349
002350
002351
002352
002353
002354
002355
002356
002357
002358
002359
002360
002361
002362
002363
002364
002365
002366
002367
002368
002369
002370
002371
002372
002373
002374
002375
002376
002377
002378
002379
002380
002381
002382
002383
002384
002385
002386
002387
002388
002389
002390
002391
002392
002393
002394
002395
002396
002397
002398
002399
002400
002401
002402
002403
002404
002405
002406
002407
002408
002409
002410
002411
002412
002413
002414
002415
002416
002417
002418
002419
002420
002421
002422
002423
002424
002425
002426
002427
002428
002429
002430
002431
002432
002433
002434
002435
002436
002437
002438
002439
002440
002441
002442
002443
002444
002445
002446
002447
002448
002449
002450
002451
002452
002453
002454
002455
002456
002457
002458
002459
002460
002461
002462
002463
002464
002465
002466
002467
002468
002469
002470
002471
002472
002473
002474
002475
002476
002477
002478
002479
002480
002481
002482
002483
002484
002485
002486
002487
002488
002489
002490
002491
002492
002493
002494
002495
002496
002497
002498
002499
002500
002501
002502
002503
002504
002505
002506
002507
002508
002509
002510
002511
002512
002513
002514
002515
002516
002517
002518
002519
002520
002521
002522
002523
002524
002525
002526
002527
002528
002529
002530
002531
002532
002533
002534
002535
002536
002537
002538
002539
002540
002541
002542
002543
002544
002545
002546
002547
002548
002549
002550
002551
002552
002553
002554
002555
002556
002557
002558
002559
002560
002561
002562
002563
002564
002565
002566
002567
002568
002569
002570
002571
002572
002573
002574
002575
002576
002577
002578
002579
002580
002581
002582
002583
002584
002585
002586
002587
002588
002589
002590
002591
002592
002593
002594
002595
002596
002597
002598
002606
002607
002608
002609
002610
002611
002612
002613
002614
002615
002616
002617
002618
002619
002620
002621
002622
002623
002624
002625
002626
002627
002628
002629
002630
002631
002632
002633
002634
002635
002636
002637
002638
002639
002640
002641
002642
002643
002644
002645
002646
002647
002648
002649
002650
002651
002652
002653
002654
002655
002656
002657
002658
002659
002660
002661
002662
002663
002664
002665
002666
002667
002668
002669
002670
002671
002672
002673
002674
002675
002676
002677
002678
002679
002680
002681
002682
002683
002684
002685
002686
002687
002688
002689
002690
002691
002692
002693
002694
002695
002696
002697
002698
002699
002700
002701
002702
002703
002704
002705
002706
002707
002708
002709
002710
002711
002712
002713
002714
002715
002716
002717
002718
002719
002720
002721
002722
002723
002724
002725
002726
002727
002728
002729
002730
002731
002732
002733
002734
002735
002736
002737
002738
002739
002740
002741
002742
002743
002744
002745
002746
002747
002748
002749
002750
002751
002752
002753
002754
002755
002756
002757
002758
002759
002760
002761
002762
002763
002764
002765
002766
002767
002768
002769
002770
002771
002772
002773
002774
002775
002776
002777
002778
002779
002780
002781
002782
002783
002784
002785
002786
002787
002788
002789
002790
002791
002792
002793
002794
002795
002796
002797
002798
002799
002800
002801
002802
002803
002804
002805
002806
002807
002808
002809
002810
002811
002812
002813
002814
002815
002816
002817
002818
002819
002820
002821
002822
002823
002824
002825
002826
002827
002828
002829
002830
002831
002832
002833
002834
002835
002836
002837
002838
002839
002840
002841
002842
002843
002844
002845
002846
002847
002848
002849
002850
002851
002852
002853
002854
002855
002856
002857
002858
002859
002860
002861
002862
002863
002864
002865
002866
002867
002868
002869
002870
002871
002872
002873
002874
002875
002876
002877
002878
002879
002880
002881
002882
002883
002884
002885
002886
002887
002888
002889
002890
002891
002892
002893
002894
002895
002896
002897
002898
002899
002900
002901
002902
002903
002904
002905
002906
002907
002908
002909
002910
002911
002912
002913
002914
002915
002916
002917
002918
002919
002920
002921
002922
002923
002924
002925
002926
002927
002928
002929
002930
002931
002932
002933
002934
002935
002936
002937
002938
002939
002940
002941
002942
002943
002944
002945
002946
002947
002948
002949
002950
002951
002952
002953
002954
002955
002956
002957
002958
002959
002960
002961
002962
002963
002964
002965
002966
002967
002968
002969
002970
002971
002972
002973
002974
002975
002976
002977
002978
002979
002980
002981
002982
002983
003805
003806
003807
003808
003809
003810
003823
003824
003825
003826
003827
003828
003829
003830
003831
003832
003833
003834
003835
003836
003837
003838
003839
003840
003841
003842
003843
003844
003845
003846
003847
003848
003849
003850
003851
003852
003853
003854
003855
003856
003857
003858
003859
003860
003861
003862
003863
003864
003865
003866
003867
003868
003869
003870
003871
003872
003873
003874
003875
003876
003877
003878
003879
003880
003881
003882
003883
003884
003885
003886
003887
003888
003889
003890
003891
003892
003893
003894
003895
003896
003897
003898
003899
003900
003901
003902
003903
003904
003905
003906
003907
003908
003909
003910
003911
003912
003913
003914
003915
003916
003917
003918
003919
003920
003921
003922
003923
003924
003925
003926
003927
003928
003929
003930
003931
003932
003933
003934
003935
003936
003937
003938
003939
003940
003941
003942
003943
003944
003945
003946
003947
003948
003949
003950
003951
003952
003953
003954
003955
003956
003957
003958
003959
003960
003961
003962
003963
003964
003965
003966
003967
003968
003969
003970
003971
003972
003973
003974
003975
003976
003977
003978
003979
003980
003981
003982
003983
003984
003985
003986
003987
003988
003989
003990
003991
003992
003993
003994
003995
003996
003997
003998
003999
004000
004001
004002
004003
004004
004015
004016
004017
004018
004019
004020
004021
004022
004023
004024
004025
004026
004027
004028
004029
004030
004031
004032
004033
004034
004035
004036
004037
004038
004039
004040
004041
004042
004043
004044
004045
004046
004047
004048
004049
004050
004051
004052
004053
004054
004055
004056
004057
004058
004059
004060
004061
004062
004063
004064
004065
004066
004067
004068
004069
004070
004071
004072
004073
004074
004075
004076
004077
004078
004079
004080
004081
004082
004083
004084
004085
004086
004087
004088
004089
004090
004091
004092
004093
004094
004095
004096
004097
004098
004099
004100
004101
004102
004103
004104
004105
004106
004107
004108
004109
004110
004111
004112
004113
004114
004115
004116
004117
004118
004119
004120
004121
004122
004123
004124
004125
004126
004127
004128
004129
004130
004131
004132
004133
004134
004135
004136
004137
004138
004139
004140
004141
004142
004143
004144
004145
004146
004147
004148
004149
004150
004151
004152
004153
004154
004155
004156
004157
004158
004159
004160
004161
004162
004163
004164
004165
004166
004167
004168
004169
004170
004171
004172
004173
004174
004175
004176
004177
004178
004179
004180
004181
004182
004183
004184
004185
004186
004187
004188
004189
004190
004191
004192
004193
004194
004195
004196
004197
004198
004199
004200
004201
004202
004203
004204
004205
004206
004207
004208
004209
004210
004211
004212
004213
004214
004215
004216
004993
004994
004995
004996
004997
004998
004999
005000
005001
005002
005003
005004
005005
005006
005007
005008
005009
005010
005011
005012
005013
005014
005015
005016
005018
005019
005020
005021
005022
005023
005024
005025
005026
005027
005028
005029
005030
005031
005032
005033
005034
005035
005036
005037
005038
005039
005040
005041
005042
005043
005044
005045
005046
005047
005048
005049
005050
005051
005052
005053
005054
005055
005056
005057
005058
005059
005060
005061
005062
005063
005064
005065
005066
005067
005068
005069
005070
005071
005072
005073
005074
005075
005076
005077
005078
005079
005080
005081
005082
005083
005084
005085
005086
005087
005088
005089
005090
005091
005092
005093
005094
005095
005096
005097
005098
005099
005100
005101
005102
005103
005104
005105
005106
005107
005108
005109
005110
005111
005112
005113
005114
005115
005116
005117
005118
005119
005120
005121
005122
005123
005124
005125
005126
005127
005128
005129
005130
005131
005132
005133
005134
005135
005136
005137
005138
005139
005140
005141
005142
005143
005144
005145
005146
005147
005148
005149
005150
005151
005152
005153
005154
005155
005156
005157
005158
005159
005160
005161
005162
005163
005164
005165
005166
005167
005168
005169
005170
005171
005172
005173
005174
005175
005176
005177
005178
005179
005180
005181
005182
005183
005184
005185
005186
005187
005188
005189
005190
005191
005192
005193
005194
005195
005196
005197
005198
005199
005200
005201
005202
005203
005204
005205
005206
005207
005208
005209
005210
005211
005212
005213
005214
005215
005216
005217
005218
005219
005220
005225
005226
005227
005228
005229
005230
005231
005232
005233
005234
005235
005236
005237
005238
005239
005240
005241
005242
005243
005244
005245
005246
005247
005248
005249
005250
005251
005252
005253
005254
005255
005256
005257
005258
005259
005260
005261
005262
005263
005264
005265
005266
005267
005268
005269
005270
005271
005272
005273
005274
005275
005276
005277
005278
005279
005280
005281
005282
005283
005284
005285
005286
005287
005288
005289
005290
005291
005292
005293
005294
005295
005296
005297
005298
005299
005300
005301
005302
005303
005304
005305
005306
005307
005308
005309
005310
005311
005312
005313
005314
005315
005316
005317
005318
005319
005320
005321
005322
005323
005324
005325
005326
005327
005328
005329
005330
005331
005332
005333
005334
005335
005336
005337
005338
005339
005340
005341
005342
005343
005344
005345
005346
005347
005348
005349
005350
005351
005352
005353
005354
005355
005356
005357
005358
005359
005360
005361
005362
005363
005364
005365
005366
005367
005368
005369
005370
005371
005372
005373
005374
005375
005376
005377
005378
005379
005380
005381
005382
005383
005384
005385
005386
005387
005388
005389
005390
005391
005392
005393
005394
005395
005396
005397
005398
005399
005400
005401
005402
005454
005455
005456
005457
005458
005459
005460
005461
005462
005463
005464
005465
005466
005467
005468
005469
005470
005471
005472
005473
005474
005475
005476
005477
005478
005479
005480
005481
005482
005483
005484
005485
005486
005487
005488
005489
005490
005491
005492
005493
005494
005495
005496
005497
005498
005499
005500
005501
005502
005503
005504
005505
005506
005507
005508
005509
005510
005511
005512
005513
005514
005515
005516
005517
005518
005519
005520
005521
005522
005523
005524
005525
005526
005527
005528
005529
005530
005531
005532
005533
005534
005535
005536
005537
005538
005539
005540
005541
005542
005543
005544
005616
005617
005618
005619
005620
005621
005622
005623
005624
005625
005626
005627
005628
005629
005630
005631
005632
005633
005634
005635
005636
005637
005638
005639
005640
005641
005642
005643
005644
005645
005646
005647
005648
005649
005650
005651
005652
005653
005654
005655
005656
005657
005658
005659
005660
005661
005662
005663
005664
005665
005666
005667
005668
005669
005670
005671
005672
005673
005674
005675
005676
005677
005678
005679
005680
005681
005682
005683
005684
005685
005686
005687
005688
005689
005690
005691
005692
005693
005694
005695
005696
005697
005698
005699
005700
005701
005702
005703
005704
005705
005706
005707
005708
005709
005710
005711
005712
005713
005714
005715
005716
005717
005718
005719
005720
005721
005722
005723
005724
005725
005726
005727
005728
005729
005730
005731
005732
005733
005734
005735
005736
005737
005738
005739
005740
005741
005742
005743
005744
005745
005746
005747
005748
005749
005750
005751
005752
005753
005754
005755
005756
005757
006688
006689
006690
006691
006692
006693
006694
006695
006696
006697
006698
006699
006700
006701
006702
006703
006704
006705
006706
006707
006708
006709
006710
006711
006712
006713
006714
006715
006716
006717
006718
006719
006720
006721
006722
006723
006724
006725
006726
006727
006728
006729
006730
006731
006732
006733
006734
006735
006736
006737
006738
006739
006740
006741
006742
006743
006744
006745
006746
006747
006748
006749
006750
006751
006752
006753
006754
006755
006756
006757
006758
006759
006760
006761
006762
006763
006764
006765
006766
006767
006768
006769
006770
006771
006772
006773
006774
006775
006776
006777
006778
006779
006780
006781
006782
006783
006784
006785
006786
006787
006788
006789
006790
006791
006792
006793
006794
006795
006796
006797
006798
006799
006800
006801
006802
006803
006804
006805
006806
006807
006808
006809
006810
006811
006812
006813
006814
006815
006816
006817
006818
006819
006820
006821
006822
006823
006824
006825
006826
006827
006828
006829
006830
006831
006832
006833
006834
006835
006836
006837
006838
006839
006840
006841
006842
006843
006844
006845
006846
006847
006848
006849
006850
006851
006852
006853
006854
006855
006856
006857
006858
006859
006860
006861
006862
006863
006864
006865
006866
006867
006868
006869
006870
006871
006872
006873
006874
006875
006876
006877
006878
006879
006880
006881
006882
006883
006884
006885
006886
006887
006888
006889
006890
006891
006892
006893
006894
006895
006896
006897
006898
006899
006900
006901
006902
006903
006904
006905
006906
006907
006908
006909
006910
006911
006912
006913
006914
006915
006916
006917
006918
006919
006920
006921
006922
006923
006924
006925
006926
006927
006928
006929
006930
006931
006932
006933
006934
006935
006936
006937
006938
006939
006940
006941
006942
006943
006944
006945
006946
006947
006948
006949
006950
006951
006952
006953
006954
006955
006956
006957
006958
006959
006960
006961
006962
006963
006964
006965
006966
006967
006968
006969
006970
006971
006972
006973
006974
006975
006976
006977
006978
006979
006980
006981
006982
006983
006984
006985
006986
006987
006988
006989
006990
006991
006992
006993
006994
006995
006996
006997
006998
006999
007000
007001
007002
007003
007004
007005
007006
007007
007008
007009
007010
007011
007012
007013
007014
007015
007016
007017
007018
007019
007020
007021
007022
007023
007024
007025
007026
007027
007028
007029
007030
007031
007032
007033
007034
007035
007036
007037
007038
007039
007040
007041
007042
007043
007044
007045
007046
007047
007048
007049
007050
007051
007052
007053
007054
007055
007056
007057
007058
007059
007060
007061
007062
007063
007064
007065
007066
007067
007068
007069
007070
007071
007072
007073
007074
007075
007076
007077
007078
007079
007080
007081
007082
007083
007084
007085
007086
007087
007088
007089
007090
007091
007092
007093
007094
007095
007096
007097
007098
007099
007100
007101
007102
007103
007104
007105
007106
007107
007108
007109
007110
007111
007112
007113
007114
007115
007116
007117
007118
007119
007120
007121
007122
007123
007124
007125
007126
007127
007128
007129
007130
007131
007132
007133
007134
007135
007136
007137
007138
007139
007140
007141
007142
007143
007144
007145
007146
007147
007148
007149
007150
007151
007152
007153
007154
007155
007156
007157
007158
007159
007160
007161
007162
007163
007164
007165
007166
007167
007168
007169
007170
007171
007172
007173
007174
007175
007176
007177
007178
007179
007180
007181
007182
007183
007184
007185
007186
007187
007188
007189
007190
007191
007192
007193
007194
007195
007196
007197
007198
007199
007200
007201
007202
007203
007204
007205
007206
007207
007208
007209
007210
007211
007212
007213
007214
007215
007216
007217
007218
007219
007220
007221
007222
007223
007224
007225
007226
007227
007228
007229
007230
007231
007232
007233
007234
007235
007236
007237
007238
007239
007240
007241
007242
007243
007244
007245
007246
007247
007248
007249
007250
007251
007252
007253
007254
007255
007256
007257
007258
007259
007260
007261
007262
007263
007264
007265
007266
007267
007268
007269
007270
007271
007272
007273
007274
007275
007276
007277
007278
007279
007280
007281
007282
007283
007284
007285
007286
007287
007288
007289
007290
007291
007292
007293
007294
007295
007296
007297
007298
007299
007300
007301
007302
007303
007304
007305
007306
007307
007308
007309
007310
007311
007312
007313
007314
007315
007316
007317
007318
007319
007320
007321
007322
007323
007324
007325
007326
007327
007328
007329
007330
007331
007332
007333
007334
007335
007336
007337
007338
007339
007340
007341
007342
007343
007344
007345
007346
007347
007348
007349
007350
007351
007352
007353
007354
007355
007356
007357
007358
007359
007360
007361
007362
007363
007364
007365
007366
007367
007368
007369
007370
007371
007372
007373
007374
007375
007376
007377
007410
007411
007412
007413
007414
007415
007416
007417
007418
007419
007420
007421
007422
007423
007424
007425
007426
007427
007428
007429
007430
007431
007432
007433
007434
007435
007436
007437
007438
007439
007440
007441
007442
007443
007444
007445
007446
007447
007448
007449
007450
007451
007452
007453
007454
007455
007456
007457
007458
007459
007460
007461
007462
007463
007464
007465
007466
007467
007468
007469
007470
007471
007472
007473
007474
007475
007476
007477
007478
007479
007480
007481
007482
007483
007484
007485
007486
007487
007488
007489
007490
007491
007492
007493
007494
007495
007496
007497
007498
007499
007500
007501
007502
007503
007504
007505
007506
007507
007508
007509
007510
007511
007512
007513
007514
007515
007516
007517
007518
007519
007520
007521
007522
007523
007524
007525
007526
007527
007528
007529
007530
007531
007532
007533
007534
007535
007536
007537
007538
007539
007540
007541
007542
007543
007544
007545
007546
007547
007548
007549
007550
007551
007552
007553
007554
007555
007556
007557
007558
007559
007560
007561
007562
007563
007564
007565
007566
007567
007568
007569
007570
007571
007572
007573
007574
007575
007576
007577
007578
007579
007580
007581
007582
007583
007584
007585
007586
007587
007588
007589
007590
007591
007592
007593
007594
007595
007596
007597
007598
007599
007600
007601
007602
007603
007604
007605
007606
007607
007608
007609
007610
007611
007612
007613
007614
007615
007616
007617
007618
007619
007620
007621
008348
008349
008350
008351
008352
008353
008354
008355
008356
008357
008358
008359
008360
008361
008362
008363
008364
008365
008366
008367
008368
008369
008370
008371
008372
008373
008374
008375
008376
008377
008378
008379
008380
008381
008382
008383
008384
008385
008386
008387
008388
008389
008390
008391
008392
008393
008394
008395
008396
008397
008398
008399
008400
008401
008402
008403
008404
008405
008406
008407
008408
008409
008410
008411
008412
008413
008414
008415
008416
008417
008418
008419
008420
008421
008422
008423
008424
008425
008426
008427
008428
008429
008430
008431
008432
008433
008434
008435
008436
008437
008438
008439
008440
008441
008442
008443
008444
008445
008446
008447
008448
008449
008450
008451
008452
008453
008454
008455
008456
008457
008458
008459
008460
008461
008462
008463
008464
008465
008466
008467
008468
008469
008470
008471
008472
008473
008474
008475
008476
008477
008478
008479
008480
008481
008482
008483
008484
008485
008486
008487
008488
008489
008490
008491
008492
008493
008494
008495
008496
008497
008498
008499
008500
008501
008502
008503
008504
008505
008506
008507
008508
008509
008510
008511
008512
008513
008514
008515
008516
008517
008518
008519
008520
008521
008522
008523
008524
008525
008526
008527
008528
008529
008540
008541
008542
008543
008544
008545
008546
008547
008548
008549
008550
008551
008552
008553
008554
008555
008556
008557
008558
008559
008560
008561
008562
008563
008564
008565
008566
008567
008568
008569
008570
008571
008572
008573
008574
008575
008576
008577
008578
008579
008580
008581
008582
008583
008584
008585
008586
008587
008588
008589
008590
008591
008592
008593
008594
008595
008596
008597
008598
008599
008600
008601
008602
008603
008604
008605
008606
008607
008608
008609
008610
008611
008612
008613
008614
008615
008616
008617
008618
008619
008620
008636
008637
008638
008639
008640
008641
008642
008643
008644
008645
008646
008647
008648
008649
008650
008651
008652
008653
008654
008655
008656
008657
008658
008659
008660
008661
008662
008663
008664
008665
008666
008667
008668
008669
008670
008671
008672
008673
008674
008675
008676
008677
008678
008679
008680
008681
008682
008683
008684
008685
008686
008687
008688
008689
008690
008691
008692
008693
008694
008695
008696
008697
008698
008699
008700
008701
008702
008703
008704
008705
008706
008707
008708
008709
008710
008711
008712
008713
008714
008715
008716
008717
008718
008719
008720
008721
008722
008723
008724
008725
008726
008727
008728
008729
008730
008741
008742
008743
008744
008745
008746
008747
008748
008749
008750
008751
008752
008753
008754
008755
008756
008757
008758
008759
008760
008761
008762
008763
008764
008765
008766
008767
008768
008769
008770
008771
008772
008773
008774
008775
008776
008777
008778
008779
008780
008781
008782
008783
008784
008785
008786
008787
008788
008789
008790
008791
008792
008793
008794
008795
008796
008797
008798
008799
008800
008801
008802
008803
008804
008805
008806
008807
008808
008809
008810
008811
008812
008813
008814
008815
008816
008817
008818
008819
008820
008821
008822
008823
008824
008825
008826
008827
008828
008829
008830
008831
008832
008833
008834
008835
008836
008837
008838
008839
008840
008841
008842
008843
008844
008845
008846
008847
008848
008849
008850
008851
008852
008853
008854
008855
008856
008857
008858
008859
008860
008861
008862
008863
008864
008865
008866
008867
008868
008869
008870
008871
008872
008873
008874
008875
008876
008877
008878
008879
008880
008881
008882
008883
008884
008885
008886
008887
008888
008889
008890
008891
008892
008903
008904
008905
008906
008907
008908
008909
008910
008911
008912
008913
008914
008915
008916
008917
008918
008919
008920
008921
008922
008923
008924
008925
008926
008927
008928
008929
008930
008931
008932
008933
008934
008935
008936
008937
008938
008939
008940
008941
008942
008943
008944
008945
008946
008947
008948
008949
008950
008951
008952
008953
008954
008955
008956
008957
008958
008959
008960
008961
008962
008963
008964
008965
008966
008967
008968
008969
008970
008971
008972
008973
008974
008975
008976
008977
008978
008979
008980
008981
008982
008983
008984
008985
008986
008987
008988
008989
008990
008991
008992
008993
008994
008995
008996
008997
008998
008999
009000
009001
009002
009003
009004
009005
009006
009007
009008
009009
009010
009011
009012
009013
009014
009015
009016
009017
009018
009019
009020
009021
009022
009023
009024
009025
009026
009027
009028
009029
009030
009031
009032
009033
009034
009035
009036
009037
009038
009039
009040
009041
009042
009043
009044
009045
009046
009047
009048
009049
009050
009051
009052
009053
009054
009055
009056
009057
009058
009059
009060
009061
009062
009063
009064
009065
009066
009067
009068
009069
009070
009071
009072
009073
009074
009075
009076
009077
009078
009079
009080
009081
009082
009083
009084
009085
009086
009087
009088
009089
009090
009091
009092
009093
009094
009105
009106
009107
009108
009109
009110
009111
009112
009113
009114
009115
009116
009117
009118
009119
009120
009121
009122
009123
009124
009125
009126
009127
009128
009129
009130
009131
009132
009133
009134
009135
009136
009137
009138
009139
009140
009141
009142
009143
009144
009145
009165
009166
009167
009168
009169
009170
009171
009172
009173
009174
009175
009176
009177
009178
009179
009180
009181
009182
009183
009184
009185
009186
009187
009188
009189
009190
009191
009192
009193
009194
009195
009196
009197
009198
009199
009200
009201
009202
009203
009204
009205
009206
009207
009208
009209
009210
009211
009212
009213
009214
009215
009216
009217
009218
009219
009220
009221
009222
009223
009224
009225
009226
009227
009228
009229
009230
009231
009232
009233
009234
009235
009236
009237
009238
009239
009240
009241
009242
009243
009244
009245
009246
009247
009248
009249
009250
009251
009252
009253
009254
009255
009256
009257
009258
009259
009260
009261
009262
009263
009264
009265
009266
009267
009268
009269
009270
009271
009272
009273
009274
009275
009276
009277
009278
009279
009280
009281
009282
009283
009284
009285
009286
009287
009288
009289
009290
009291
009292
009293
009294
009295
009296
010258
010259
010260
010261
010262
010263
010264
010265
010266
010267
010268
010269
010270
010271
010272
010273
010274
010275
010276
010277
010278
010279
010280
010281
010282
010283
010284
010285
010286
010287
010288
010289
010290
010291
010292
010293
010294
010295
010296
010297
010298
010299
010300
010301
010302
010303
010304
010305
010306
010307
010308
010309
010310
010311
010312
010313
010314
010315
010316
010317
010318
010319
010320
010321
010322
010323
010324
010325
010326
010327
010328
010329
010330
010331
010332
010333
010334
010335
010336
010337
010338
010339
010340
010341
010342
010343
010344
010345
010346
010347
010348
010349
010350
010351
010352
010353
010354
010355
010356
010357
010358
010359
010360
010361
010362
010363
010364
010365
010366
010367
010368
010369
010370
010371
010372
010373
010374
010375
010376
010377
010378
010379
010380
010381
010382
010383
010384
010385
010386
010387
010388
010389
010390
010391
010392
010393
010394
010395
010396
010397
010398
010409
010410
010411
010412
010413
010414
010415
010416
010417
010418
010419
010420
010421
010422
010423
010424
010425
010426
010427
010428
010429
010430
010431
010432
010433
010434
010435
010436
010437
010438
010439
010440
010441
010442
010443
010444
010445
010446
010447
010448
010449
010450
010451
010452
010453
010454
010455
010456
010457
010458
010459
010477
010478
010479
010480
010481
010482
010483
010484
010485
010486
010487
010488
010489
010490
010491
010492
010493
010494
010495
010496
010497
010498
010499
010500
010501
010502
010503
010504
010505
010506
010507
010508
010509
010510
010511
010512
010513
010514
010515
010516
010517
010518
010519
010520
010521
010522
010523
010524
010525
010526
010527
010528
010529
010530
010531
010532
010533
010534
010535
010536
010537
010538
010539
010540
010541
010542
010543
010544
010545
010546
010547
010548
010549
010550
010551
010552
010553
010554
010555
010556
010557
010558
010559
010560
010561
010562
010563
010564
010565
010566
010567
010568
010569
010570
010583
010584
010585
010586
010587
010588
010589
010590
010591
010592
010593
010594
010595
010596
010597
010598
010599
010600
010601
010602
010603
010604
010605
010606
010607
010608
010609
010610
010611
010612
010613
010614
010615
010616
010617
010618
010619
010620
010621
010622
010623
010624
010625
010626
010627
010628
010629
010630
010631
010632
010633
010634
010635
010636
010637
010638
010639
010640
010641
010642
010643
010644
010645
010646
010647
010648
010649
010650
010651
010652
010653
010654
010655
010656
010657
010658
010659
010660
010661
010662
010663
010664
010665
010666
010667
010668
010669
010670
010671
010672
010673
010674
010675
010676
010677
010678
010679
010680
010681
010682
010683
010684
010685
010686
010687
010688
010689
010690
010691
010692
010693
010694
010695
010696
010697
010698
010699
010700
010701
010702
010713
010714
010715
010716
010717
010718
010719
010720
010721
010722
010723
010724
010725
010726
010727
010728
010729
010730
010731
010732
010733
010734
010735
010736
010737
010738
010739
010740
010741
010742
010743
010744
010745
010746
010747
010748
010749
010750
010751
010752
010753
010754
010755
010756
010757
010758
010759
010760
010761
010762
010763
010764
010765
010766
010767
010768
010769
010770
010771
010772
010773
010774
010775
010776
010777
010778
010779
010780
010781
010782
010783
010784
010785
010786
010787
010788
010789
010790
010791
010792
010793
010794
010795
010796
010797
010798
010799
010800
010801
010802
010803
010804
010805
010806
010807
010808
010809
010810
010811
010812
010813
010814
010815
010816
010817
010818
010819
010820
010821
010822
010823
010824
010825
010826
010827
010828
010829
010830
010831
010832
010833
010834
010835
010836
010837
010838
010839
010840
010841
010842
010843
010844
010845
010846
010847
010848
010849
010850
010851
010852
010853
010854
010855
010856
010857
010858
010859
010860
010861
010862
010863
010874
010875
010876
010877
010878
010879
010880
010881
010882
010883
010884
010885
010886
010887
010888
010889
010890
010891
010892
010893
010894
010895
010896
010897
010898
010899
010900
010901
010902
010903
010904
010905
010906
010907
010908
010909
010910
010911
010912
010913
010914
010915
010916
010917
010918
010919
010920
010921
010922
010923
010924
010925
010926
010927
010928
010929
010930
010931
010932
010933
010934
010935
010936
010937
010938
010939
010940
010941
010942
010943
010944
010945
010946
010947
010948
010949
010950
010951
010952
010953
010954
010955
010956
010957
010958
010959
010960
010961
010962
010963
010964
010965
010966
010967
010968
010969
010970
010971
010972
010973
010974
010975
010976
010977
010978
010979
010980
010981
010982
010983
010984
010985
010986
010987
010988
010989
010990
010991
010992
010993
010994
010995
010996
010997
010998
010999
011000
011001
011002
011003
011004
011005
011006
011007
011008
011009
011010
011011
011012
011013
011014
012014
012015
012016
012017
012018
012019
012020
012021
012022
012023
012024
012025
012026
012027
012028
012029
012030
012031
012032
012033
012034
012035
012036
012037
012038
012039
012040
012041
012042
012043
012044
012045
012046
012047
012048
012049
012050
012051
012052
012053
012054
012055
012056
012057
012058
012059
012060
012061
012062
012063
012064
012065
012066
012067
012068
012069
012070
012071
012072
012073
012074
012075
012076
012077
012078
012079
012080
012081
012082
012083
012084
012085
012086
012087
012088
012089
012090
012091
012092
012093
012094
012095
012096
012097
012098
012099
012100
012101
012102
012103
012104
012105
012106
012107
012108
012109
012110
012111
012112
012113
012114
012115
012116
012117
012118
012119
012120
012121
012122
012123
012124
012125
012126
012127
012128
012129
012130
012131
012132
012133
012134
012135
012136
012137
012138
012139
012140
012141
012142
012143
012144
012145
012146
012147
012148
012149
012150
012151
012152
012153
012154
012155
012156
012157
012158
012159
012160
012161
012162
012163
012164
012165
012166
012167
012168
012169
012170
012171
012172
012173
012174
012175
012186
012187
012188
012189
012190
012191
012192
012193
012194
012195
012196
012197
012198
012199
012200
012201
012202
012203
012204
012205
012206
012207
012208
012209
012210
012211
012212
012213
012214
012215
012216
012217
012218
012219
012220
012221
012222
012223
012224
012225
012226
012227
012228
012229
012230
012231
012232
012233
012234
012235
012236
012237
012238
012239
012240
012241
012242
012243
012244
012245
012246
012247
012248
012249
012250
012251
012252
012253
012254
012255
012256
012257
012258
012259
012260
012261
012262
012263
012264
012265
012266
012267
012268
012269
012270
012271
012272
012273
012274
012275
012276
012277
012278
012279
012280
012281
012282
012283
012284
012285
012286
012287
012288
012289
012290
012291
012292
012293
012294
012295
012296
012297
012298
012299
012300
012301
012302
012303
012304
012305
012306
012307
012308
012309
012310
012311
012312
012313
012314
012315
012316
012317
012318
012319
012320
012321
012322
012323
012324
012325
012326
012327
012328
012329
012330
012331
012332
012333
012334
012335
012336
012351
012352
012353
012354
012355
012356
012357
012358
012359
012360
012361
012362
012363
012364
012365
012366
012367
012368
012369
012370
012371
012372
012373
012374
012375
012376
012377
012378
012379
012380
012381
012382
012383
012384
012385
012386
012387
012388
012389
012390
012391
012392
012393
012394
012395
012396
012397
012398
012399
012400
012401
012402
012403
012404
012405
012406
012407
012408
012409
012410
012411
012412
012413
012414
012415
012416
012417
012418
012419
012420
012421
012422
012423
012424
012425
012426
012427
012428
012429
012430
012431
012432
012433
012434
012435
012436
012437
012438
012439
012440
012441
012442
012443
012444
012445
012446
012447
012448
012449
012450
012451
012452
012453
012454
012455
012456
012457
012458
012459
012460
012461
012462
012463
012464
012465
012466
012467
012468
012469
012470
012471
012472
012473
012474
012475
012476
012477
012478
012479
012480
012481
012482
012483
012484
012485
012486
012487
012488
012489
012490
012491
012492
012493
012494
012495
012496
012497
012498
012501
012502
012503
012504
012505
012506
012507
012508
012509
012510
012511
012512
012513
012514
012515
012516
012517
012518
012519
012520
012521
012522
012523
012524
012525
012526
012527
012528
012529
012530
012531
012532
012533
012534
012535
012536
012537
012538
012539
012540
012541
012542
012543
012544
012545
012546
012547
012548
012549
012550
012551
012552
012553
012554
012555
012556
012557
012558
012559
012560
012561
012562
012563
012568
012569
012570
012571
012572
012573
012574
012575
012576
012577
012578
012579
012580
012581
012582
012583
012584
012585
012586
012587
012588
012589
012590
012591
012592
012593
012594
012595
012596
012597
012598
012599
012600
012601
012602
012603
012604
012605
012606
012607
012608
012609
012610
012611
012612
012613
012614
012615
012616
012617
012618
012619
012620
012621
012622
012623
012624
012625
012626
012627
012628
012629
012630
012631
012632
012633
012634
012635
012636
012637
012638
012639
012640
012641
012642
012643
012644
012645
012646
012647
012648
012649
012650
012651
012652
012653
012654
013594
013595
013596
013597
013598
013599
013600
013601
013602
013603
013604
013605
013606
013607
013608
013609
013610
013611
013612
013613
013614
013615
013616
013617
013618
013619
013620
013621
013622
013623
013624
013625
013626
013627
013628
013629
013630
013631
013632
013633
013634
013635
013636
013637
013638
013639
013640
013641
013642
013643
013644
013645
013646
013647
013648
013649
013650
013651
013652
013653
013654
013655
013656
013657
013658
013659
013660
013661
013662
013663
013664
013665
013666
013667
013668
013669
013670
013671
013672
013673
013674
013675
013676
013677
013678
013679
013680
013681
013682
013683
013684
013685
013686
013687
013688
013689
013690
013691
013692
013693
013694
013695
013696
013697
013698
013699
013700
013701
013702
013703
013704
013705
013706
013707
013708
013709
013710
013711
013712
013713
013714
013715
013716
013717
013718
013719
013720
013721
013722
013723
013724
013725
013726
013727
013728
013729
013730
013731
013732
013733
013734
013735
013736
013737
013738
013739
013740
013741
013742
013743
013744
013745
013746
013747
013748
013749
013750
013751
013752
013753
013754
013755
013756
013757
013758
013759
013760
013761
013762
013763
013764
013765
013766
013767
013768
013769
013770
013771
013772
013773
013774
013775
013776
013777
013778
013779
013780
013781
013782
013783
013784
013785
013786
013787
013788
013789
013790
013791
013792
013793
013794
013795
013796
013797
013798
013799
013800
013801
013802
013803
013804
013805
013806
013807
013808
013809
013810
013811
013812
013813
013818
013819
013820
013821
013822
013823
013824
013825
013826
013827
013828
013829
013830
013831
013832
013834
013835
013836
013837
013838
013839
013840
013841
013842
013843
013844
013845
013846
013847
013848
013849
013850
013851
013852
013853
013854
013855
013856
013857
013858
013859
013860
013861
013862
013863
013864
013865
013866
013867
013868
013869
013870
013871
013872
013873
013874
013875
013876
013877
013878
013879
013880
013881
013882
013883
013884
013885
013886
013887
013888
013889
013890
013891
013892
013893
013894
013895
013896
013897
013898
013899
013900
013901
013902
013903
013904
013905
013906
013907
013908
013909
013910
013911
013912
013913
013914
013915
013916
013917
013918
013919
013920
013921
013922
013923
013924
013925
013926
013927
013928
013929
013930
013931
013932
013933
013934
013935
013936
013937
013938
013939
013940
013941
013942
013943
013944
013945
013946
013947
013948
013949
013950
013951
013952
013953
013954
013955
013956
013957
013958
013959
013960
013961
013962
013963
013964
013965
013966
013967
013968
013969
013970
013971
013972
013973
013974
013975
013976
013977
013978
013979
013980
013981
013982
013983
013984
013985
013986
013987
013988
013989
013990
013991
013992
013993
013994
013995
013996
013997
013998
013999
014000
014001
014002
014003
014004
014005
014006
014007
014008
014009
014010
014011
014012
014013
014014
014015
014016
014017
014018
014019
014020
014021
014022
014023
014024
014025
014026
014027
014028
014029
014030
014031
014032
014033
014034
014035
014036
014037
014101
014102
014103
014104
014105
014106
014107
014108
014109
014110
014111
014112
014113
014114
014115
014116
014117
014118
014119
014120
014121
014122
014123
014124
014125
014126
014127
014128
014129
014130
014131
014132
014133
014134
014135
014136
014137
014138
014139
014140
014141
014142
014143
014144
014145
014146
014147
014148
014149
014150
014151
014152
014153
014154
014155
014156
014157
014158
014159
014160
014161
014162
014163
014164
014165
014166
014167
014168
014169
014170
014171
014172
014173
014174
014175
014176
014177
014178
014179
014180
014181
014182
014183
014184
014185
014186
014187
014188
014189
014190
014191
014192
014193
014194
014195
014196
014197
014198
014199
014200
014201
014202
014203
014204
014205
014206
014207
014208
014209
014210
014211
014212
014213
014214
014215
014216
014217
014218
014219
014220
014221
014222
014223
014224
014225
014226
014227
014228
014229
014230
014231
014232
014233
014234
014235
014236
014237
014238
014239
014240
014241
014242
014243
014244
014245
014246
014247
014248
014249
014250
014251
014252
014253
014254
014255
014256
014257
014258
014259
014260
014261
014262
014263
014264
014265
014266
014267
014268
014269
014270
014271
014272
014273
014274
014275
014276
014277
014278
014279
014280
014281
014282
014283
014284
014285
014286
014287
014288
014289
014290
014291
014292
014293
014294
014295
014296
014297
014298
014299
014300
014301
014302
014303
014304
014305
014306
014307
014308
014309
014310
014311
014312
014313
014314
014315
014316
014317
014318
014319
014320
014321
014322
014323
014324
014325
014326
014327
014328
014329
014330
014331
014332
014333
014334
014335
014336
014337
014338
014339
014340
014341
014342
014343
014344
014345
014346
014347
014348
014349
014350
014351
014352
014353
014354
014355
014356
014357
014358
014359
014360
014361
014362
014363
014364
014365
014366
014367
014368
014369
014370
014371
014372
014373
014374
014375
014376
014377
014378
014379
014380
014381
014382
014383
014384
014385
014386
014387
014388
014389
014390
014391
014392
014393
014394
014395
014396
014397
014398
014399
014400
014401
014402
014403
014404
014409
014410
014411
014412
014413
014414
014415
014416
014417
014418
014419
014420
014421
014422
014423
014424
014425
014426
014427
014428
014429
014430
014431
014432
014433
014434
014435
014436
014437
014438
014439
014440
014441
014442
014443
014444
014445
014446
014447
014448
014449
014450
014451
014452
014453
014454
014455
014456
014457
014458
014459
014460
014461
014462
014463
014464
014465
014466
014467
014468
014469
014470
014471
014472
014473
014474
014475
014476
014477
014478
014479
014480
014481
014482
014483
014484
014485
014486
014487
014488
014489
014490
014491
014492
014493
014494
014495
014496
014497
014498
014499
014500
014501
014502
014503
014504
014505
014506
014507
014508
014509
014510
014511
014512
014513
014514
014515
014516
015596
015597
015598
015599
015600
015601
015602
015603
015604
015605
015606
015607
015608
015609
015610
015611
015612
015613
015614
015615
015616
015617
015618
015619
015620
015621
015622
015623
015624
015625
015626
015627
015628
015629
015630
015631
015632
015633
015634
015635
015636
015637
015638
015639
015640
015641
015642
015643
015644
015645
015646
015647
015648
015649
015650
015651
015652
015653
015654
015655
015656
015657
015658
015659
015660
015661
015662
015663
015664
015665
015666
015667
015668
015669
015670
015671
015672
015673
015674
015675
015676
015677
015678
015679
015680
015681
015682
015683
015684
015685
015686
015687
015688
015689
015690
015691
015692
015693
015694
015695
015696
015697
015698
015699
015700
015701
015702
015703
015704
015705
015706
015707
015708
015709
015710
015711
015712
015713
015714
015715
015716
015717
015718
015719
015720
015721
015722
015723
015724
015725
015726
015727
015728
015729
015730
015731
015732
015733
015734
015735
015736
015737
015738
015739
015740
015741
015742
015743
015744
015745
015746
015747
015748
015749
015750
015751
015752
015753
015754
015755
015756
015757
015758
015759
015760
015761
015762
015763
015764
015765
015766
015767
015768
015769
015770
015771
015772
015773
015774
015775
015786
015787
015788
015789
015790
015791
015792
015793
015794
015795
015796
015797
015798
015799
015800
015801
015802
015803
015804
015805
015806
015807
015808
015809
015810
015811
015812
015813
015814
015815
015816
015817
015818
015819
015820
015821
015822
015823
015824
015825
015826
015827
015828
015829
015830
015831
015832
015833
015834
015835
015836
015837
015838
015839
015840
015841
015842
015843
015844
015845
015846
015847
015848
015849
015850
015851
015852
015853
015854
015855
015856
015857
015858
015859
015860
015861
015862
015863
015864
015865
015866
015867
015868
015869
015870
015871
015872
015873
015874
015875
015876
015877
015878
015879
015880
015881
015882
015883
015884
015885
015886
015887
015888
015889
015890
015891
015892
015893
015894
015895
015896
015897
015898
015899
015900
015901
015902
015903
015904
015905
015906
015907
015908
015909
015910
015911
015912
015913
015914
015915
015916
015917
015918
015919
015920
015921
015922
015923
015924
015925
015926
015927
015928
015929
015930
015931
015932
015933
015934
015935
015936
015937
015938
015939
015940
015941
015942
015943
015944
015945
015946
015947
015948
015949
015950
015951
015952
015953
015954
015955
015956
015957
015958
015959
015960
015961
015962
015963
015964
015965
015966
015967
015968
015969
015970
015971
015972
015973
015974
015975
015986
015987
015988
015989
015990
015991
015992
015993
015994
015995
015996
015997
015998
015999
016000
016001
016002
016003
016004
016005
016006
016007
016008
016009
016010
016011
016012
016013
016014
016015
016016
016017
016018
016019
016020
016021
016022
016023
016024
016025
016026
016027
016028
016029
016030
016031
016032
016033
016034
016035
016036
016037
016038
016039
016040
016041
016042
016043
016044
016045
016046
016047
016048
016049
016050
016051
016052
016053
016054
016055
016056
016057
016058
016059
016060
016061
016062
016063
016064
016065
016066
016067
016068
016069
016070
016071
016072
016073
016074
016075
016076
016077
016078
016079
016080
016081
016082
016083
016084
016085
016086
016087
016088
016089
016090
016091
016092
016093
016094
016095
016096
016097
016098
016099
016100
016101
016102
016103
016104
016105
016106
016107
016108
016109
016110
016111
016112
016113
016114
016115
016116
016117
016118
016119
016120
016121
016122
016123
016124
016125
016126
016127
016128
016129
016130
016131
016132
016133
016134
016135
016136
016137
016138
016139
016140
016141
016142
016143
016144
016145
016146
016147
016148
016149
016150
016151
016152
016153
016154
016155
016156
016157
016158
016159
016160
016161
016162
016163
016164
016165
016176
016177
016178
016179
016180
016181
016182
016183
016184
016185
016186
016187
016188
016189
016190
016191
016192
016193
016194
016195
016196
016197
016198
016199
016200
016201
016202
016203
016204
016205
016206
016207
016208
016209
016210
016211
016212
016213
016214
016215
016216
016217
016218
016219
016220
016221
016222
016223
016224
016225
016226
016227
016228
016229
016230
016231
016232
016233
016234
016235
016236
016237
016238
016239
016240
016241
016242
016243
016244
016245
016246
016247
016248
016249
016250
016251
016252
016253
016254
016255
016256
016257
016258
016259
016260
016261
016262
016263
016264
016265
016266
016267
016268
016269
016270
016271
016272
016273
016274
016275
016276
016277
016278
016279
016280
016281
016282
016283
016284
016285
016286
016287
016288
016289
016290
016291
016292
016293
016294
016295
016296
016297
016298
016299
016300
016301
016302
016303
016304
016305
016306
016307
016308
016309
016310
016311
016312
016313
016314
016315
016316
016317
016318
016319
016320
016321
016322
016323
016324
016325
016326
016327
016328
016329
016330
016331
016332
016333
016334
016335
016336
016337
016338
016339
016340
016341
016342
016343
016344
016345
016346
016347
016348
016349
016350
016351
016352
016353
016354
016355
016356
016357
016358
016359
016360
016361
016362
016363
016364
016365
016376
016377
016378
016379
016380
016381
016382
016383
016384
016385
016386
016387
016388
016389
016390
016391
016392
016393
016394
016395
016396
016397
016398
016399
016400
016401
016402
016403
016404
016405
016406
016407
016408
016409
016410
016411
016412
016413
016414
016415
016416
016417
016418
016419
016420
016421
016422
016423
016424
016425
016426
016427
016428
016429
016430
016431
016432
016433
016434
016435
016436
016437
016438
016439
016440
016441
016442
016443
016444
016445
016446
016447
016448
016449
016450
016451
016452
016453
016454
016455
016456
016457
016458
016459
016460
016461
016462
016463
016464
016465
016466
016467
016468
016469
016470
016471
016472
016473
016474
016475
016476
016477
016478
016479
016480
016481
016482
016483
016484
016485
016486
016487
016488
016489
016490
016491
016492
016493
016494
016495
016502
016503
016504
016505
016506
016507
016508
016509
016510
016511
016512
016513
016514
016515
016516
016517
016518
016519
016520
016521
016522
016523
016524
016525
016526
016527
016528
016529
016530
016531
016532
016533
016534
016535
016536
016537
016538
016539
016540
016541
016542
016543
016544
016545
016546
016547
016548
016549
016550
016551
016552
016553
016554
016555
016556
016557
016558
016559
016560
016561
016562
016563
016564
016565
016566
016567
016568
016569
016570
016571
016572
016573
016574
016575
017646
017647
017648
017649
017650
017651
017652
017653
017654
017655
017656
017657
017658
017659
017660
017661
017662
017663
017664
017665
017666
017667
017668
017669
017670
017671
017672
017673
017674
017675
017676
017677
017678
017679
017680
017681
017682
017683
017684
017685
017686
017687
017688
017689
017690
017691
017692
017693
017694
017695
017696
017697
017698
017699
017700
017701
017702
017703
017704
017705
017706
017707
017708
017709
017710
017711
017712
017713
017714
017715
017716
017717
017718
017719
017720
017721
017722
017723
017724
017725
017726
017727
017728
017729
017730
017731
017732
017733
017734
017735
017736
017737
017738
017739
017740
017741
017742
017743
017744
017745
017746
017747
017748
017749
017750
017751
017752
017753
017754
017755
017756
017757
017758
017759
017760
017761
017762
017763
017764
017765
017766
017767
017768
017769
017770
017771
017772
017773
017774
017775
017776
017777
017778
017779
017780
017781
017782
017783
017784
017785
017786
017787
017788
017789
017790
017791
017792
017793
017794
017795
017796
017797
017798
017799
017800
017801
017802
017803
017804
017805
017806
017807
017808
017809
017810
017811
017812
017813
017814
017815
017816
017817
017818
017819
017820
017821
017822
017823
017824
017825
017826
017827
017828
017829
017830
017831
017832
017833
017834
017835
017836
017837
017838
017839
017840
017841
017842
017843
017844
017845
017846
017847
017848
017849
017850
017851
017852
017853
017854
017855
017866
017867
017868
017869
017870
017871
017872
017873
017874
017875
017876
017877
017878
017879
017880
017881
017882
017883
017884
017885
017886
017887
017888
017889
017890
017891
017892
017893
017894
017895
017896
017897
017898
017899
017900
017901
017902
017903
017904
017905
017906
017907
017908
017909
017910
017911
017912
017913
017914
017915
017916
017917
017918
017919
017920
017921
017922
017923
017924
017925
017926
017927
017928
017929
017930
017931
017932
017933
017934
017935
017936
017937
017938
017939
017940
017941
017942
017943
017944
017945
017946
017947
017948
017949
017950
017951
017952
017953
017954
017955
017956
017957
017958
017959
017960
017961
017962
017963
017964
017965
017966
017967
017968
017969
017970
017971
017972
017973
017974
017975
017976
017977
017978
017979
017980
017981
017982
017983
017984
017985
017986
017987
017988
017989
017990
017991
017992
017993
017994
017995
017996
017997
017998
017999
018000
018001
018002
018003
018004
018005
018006
018007
018008
018009
018010
018011
018012
018013
018014
018015
018016
018017
018018
018019
018020
018021
018022
018023
018024
018025
018026
018027
018028
018029
018030
018031
018032
018033
018034
018035
018036
018047
018048
018049
018050
018051
018052
018053
018054
018055
018056
018057
018058
018059
018060
018061
018062
018063
018064
018065
018066
018067
018068
018069
018070
018071
018072
018073
018074
018075
018076
018077
018078
018079
018080
018081
018082
018083
018084
018085
018086
018087
018088
018089
018090
018091
018092
018093
018094
018095
018096
018097
018098
018099
018100
018101
018102
018103
018104
018105
018106
018107
018108
018109
018110
018111
018112
018113
018114
018115
018116
018117
018118
018119
018120
018121
018122
018123
018124
018125
018126
018127
018128
018129
018130
018131
018132
018133
018134
018135
018136
018137
018138
018139
018140
018141
018142
018143
018144
018145
018146
018147
018148
018149
018150
018151
018152
018153
018154
018155
018156
018157
018158
018159
018160
018161
018162
018163
018164
018165
018166
018173
018174
018175
018176
018177
018178
018179
018180
018181
018182
018183
018184
018185
018186
018187
018188
018189
018190
018191
018192
018193
018194
018195
018196
018197
018198
018199
018200
018201
018202
018203
018204
018205
018206
018207
018208
018209
018210
018211
018212
018213
018214
018215
018216
018217
018218
018219
018220
018221
018222
018223
018224
018225
018226
018227
018228
018229
018230
018231
018232
018233
018234
018235
018236
018246
018247
018248
018249
018250
018251
018252
018253
018254
018255
018256
018257
018258
018259
018260
018261
018262
018263
018264
018265
018266
018267
018268
018269
018270
018271
018272
018273
018274
018275
018276
018277
018278
018279
018280
018281
018282
018283
018284
018285
018286
018287
018288
018289
018290
018291
018292
018293
018294
018295
018296
018297
018298
018299
018300
018301
018302
018303
018304
018305
018306
018307
018308
018309
018310
018311
018312
018313
018314
018315
018316
018317
018318
018319
018320
018321
018322
018323
018324
018325
018326
018327
018328
018329
018330
018331
018332
018333
018334
018335
018336
018337
018338
018339
018340
018341
018342
018343
018344
018345
018346
018347
018348
018349
018350
018351
018352
018353
018354
018355
018356
018357
018358
018359
018360
018361
018362
018363
018364
018365
018366
018367
018368
018369
018370
018371
018372
018373
018374
018375
018376
018377
018378
018379
018380
018381
018382
018383
018384
018385
018386
018387
018388
018389
018390
018391
018392
018393
018394
018395
018396
018397
018398
018399
018400
018401
018402
018403
018404
018405
018406
018407
018408
018409
018410
018411
018412
018413
018414
018415
018426
018427
018428
018429
018430
018431
018432
018433
018434
018435
018436
018437
018438
018439
018440
018441
018442
018443
018444
018445
018446
018447
018448
018449
018450
018451
018452
018453
018454
018455
018456
018457
018458
018459
018460
018461
018462
018463
018464
018465
018466
018467
018468
018469
018470
018471
018472
018473
018474
018475
018476
018477
018478
018479
018480
018481
018482
018483
018484
018485
018486
018487
018488
018489
018490
018491
018492
018493
018494
018495
018496
018497
018498
018499
018500
018501
018502
018503
018504
018505
018506
018507
018508
018509
018510
018511
018512
018513
018514
018515
018516
018517
018518
018519
018520
018521
018522
018523
018524
018525
018526
018527
018528
018529
018530
018531
018532
018533
018534
018535
018536
018537
018538
018539
018540
018541
018542
018543
018544
018545
018546
018547
018548
018549
018550
018551
018552
018553
018554
018555
018556
018557
018558
018559
018560
018561
018562
018563
018564
018565
018566
018567
018568
018569
018570
018571
018572
018573
018574
018575
018576
018577
018578
018579
018580
018581
018582
018583
018584
018585
018586
018587
018588
018589
018590
018591
018592
018593
018594
018595
018596
018597
018598
018599
018600
018601
018602
018603
018604
018605
018606
018607
018608
018609
018610
018611
018612
018613
018614
018615
018616
018617
018618
018619
018620
018621
018622
018623
018624
018625
019546
019547
019548
019549
019550
019551
019552
019553
019554
019555
019556
019557
019558
019559
019560
019561
019562
019563
019564
019565
019566
019567
019568
019569
019570
019571
019572
019573
019574
019575
019576
019577
019578
019579
019580
019581
019582
019583
019584
019585
019586
019587
019588
019589
019590
019591
019592
019593
019594
019595
019596
019597
019598
019599
019600
019601
019602
019603
019604
019605
019606
019607
019608
019609
019610
019611
019612
019613
019614
019615
019616
019617
019618
019619
019620
019621
019622
019623
019624
019625
019626
019627
019628
019629
019630
019631
019632
019633
019634
019635
019636
019637
019638
019639
019640
019641
019642
019643
019644
019645
019646
019647
019648
019649
019650
019651
019652
019653
019654
019655
019656
019657
019658
019659
019660
019661
019662
019663
019664
019665
019666
019676
019677
019678
019679
019680
019681
019682
019683
019684
019685
019686
019687
019688
019689
019690
019691
019692
019693
019694
019695
019696
019697
019698
019699
019700
019701
019702
019703
019704
019705
019706
019707
019708
019709
019710
019711
019712
019713
019714
019715
019716
019717
019718
019719
019720
019721
019722
019723
019724
019725
019726
019727
019728
019729
019730
019731
019732
019733
019734
019735
019736
019737
019738
019739
019740
019741
019742
019743
019744
019745
019746
019747
019748
019749
019750
019751
019752
019753
019754
019755
019756
019757
019758
019759
019760
019761
019762
019763
019764
019765
019766
019767
019768
019769
019770
019771
019772
019773
019774
019775
019776
019777
019778
019779
019780
019781
019782
019783
019784
019785
019786
019787
019788
019789
019790
019791
019792
019793
019794
019795
019796
019797
019798
019799
019800
019801
019802
019803
019804
019805
019816
019817
019818
019819
019820
019821
019822
019823
019824
019825
019826
019827
019828
019829
019830
019831
019832
019833
019834
019835
019836
019837
019838
019839
019840
019841
019842
019843
019844
019845
019846
019847
019848
019849
019850
019851
019852
019853
019854
019855
019856
019857
019858
019859
019860
019861
019862
019863
019864
019865
019866
019867
019868
019869
019870
019871
019872
019873
019874
019875
019876
019877
019878
019879
019880
019881
019882
019883
019884
019885
019886
019887
019888
019889
019890
019891
019892
019893
019894
019895
019896
019897
019898
019899
019900
019901
019902
019903
019904
019905
019906
019907
019908
019909
019910
019911
019912
019913
019914
019915
019916
019917
019918
019919
019920
019921
019922
019923
019924
019925
019926
019927
019928
019929
019930
019931
019932
019933
019934
019935
019936
019937
019938
019939
019940
019941
019942
019943
019944
019945
019946
019947
019948
019949
019950
019951
019952
019953
019954
019955
