000000
000001
000002
000003
000004
000005
000006
000007
000008
000009
000010
000011
000012
000013
000014
000015
000016
000017
000019
000020
000022
000024
000025
000026
000027
000028
000029
000031
000033
000034
000036
000037
000038
000039
000040
000041
000044
000047
000048
000049
000051
000053
000054
000058
000059
000065
000066
000068
000069
000072
000073
000078
000081
000088
000097
000110
000111
000112
000113
000114
000115
000116
000117
000118
000119
000120
000121
000123
000124
000125
000126
000127
000128
000129
000130
000131
000132
000133
000134
000135
000137
000139
000140
000141
000142
000144
000145
000147
000148
000150
000152
000154
000155
000156
000159
000160
000162
000163
000166
000167
000172
000173
000175
000179
000183
000185
000187
000195
000196
000202
000220
000221
000222
000223
000224
000225
000226
000227
000228
000229
000230
000231
000232
000233
000235
000236
000237
000238
000239
000241
000242
000243
000244
000245
000246
000247
000249
000250
000251
000252
000253
000254
000256
000259
000262
000263
000264
000265
000268
000269
000272
000273
000275
000276
000278
000280
000285
000287
000289
000290
000295
000299
000303
000307
000315
000330
000331
000332
000333
000334
000335
000336
000337
000338
000339
000340
000341
000343
000344
000345
000346
000347
000348
000349
000350
000351
000352
000354
000355
000356
000357
000358
000360
000361
000362
000363
000367
000368
000369
000372
000373
000374
000375
000377
000378
000382
000383
000385
000387
000388
000391
000393
000394
000398
000401
000404
000409
000413
000416
000427
000440
000441
000442
000443
000444
000445
000446
000447
000448
000449
000450
000451
000452
000454
000455
000456
000457
000458
000459
000460
000462
000463
000464
000465
000466
000468
000469
000470
000471
000472
000474
000475
000477
000478
000480
000481
000484
000485
000486
000489
000492
000493
000494
000495
000498
000500
000503
000505
000506
000510
000511
000517
000522
000523
000539
000550
000551
000552
000553
000554
000555
000556
000557
000558
000559
000560
000561
000562
000563
000564
000565
000566
000568
000569
000570
000571
000572
000573
000575
000576
000577
000578
000580
000581
000582
000584
000586
000587
000589
000590
000591
000594
000596
000598
000599
000600
000601
000603
000606
000608
000614
000615
000617
000618
000620
000628
000629
000631
000635
000643
000660
000661
000662
000663
000664
000665
000666
000667
000668
000669
000670
000671
000673
000674
000675
000676
000677
000678
000679
000680
000681
000682
000683
000686
000687
000688
000689
000690
000691
000692
000693
000695
000698
000699
000704
000705
000706
000707
000708
000709
000711
000712
000714
000715
000718
000723
000724
000725
000728
000730
000732
000734
000741
000746
000756
000770
000771
000772
000773
000774
000775
000776
000777
000778
000779
000781
000782
000783
000784
000785
000786
000787
000788
000789
000791
000792
000794
000795
000796
000797
000798
000799
000800
000801
000803
000804
000805
000807
000808
000811
000813
000815
000816
000818
000819
000820
000822
000823
000825
000826
000835
000836
000837
000839
000845
000846
000849
000852
000858
000865
000880
000881
000882
000883
000884
000885
000886
000887
000888
000889
000890
000891
000892
000893
000894
000895
000897
000898
000899
000901
000902
000903
000904
000905
000906
000907
000909
000910
000912
000914
000915
000916
000917
000919
000920
000922
000923
000924
000925
000928
000931
000933
000934
000937
000939
000940
000942
000944
000948
000954
000957
000959
000966
000969
000972
000990
000991
000992
000993
000994
000995
000996
000997
000998
000999
001000
001001
001002
001003
001004
001005
001006
001008
001009
001010
001011
001012
001013
001014
001015
001016
001018
001020
001021
001023
001025
001026
001027
001028
001030
001031
001032
001033
001035
001039
001040
001041
001045
001046
001048
001050
001052
001053
001057
001060
001062
001064
001072
001079
001082
001100
001101
001102
001103
001104
001105
001106
001107
001108
001109
001110
001111
001112
001113
001114
001115
001116
001117
001118
001121
001122
001123
001124
001125
001126
001127
001129
001130
001132
001133
001135
001136
001138
001139
001142
001143
001144
001145
001148
001149
001153
001155
001156
001157
001158
001160
001162
001163
001169
001171
001173
001174
001181
001187
001193
001210
001211
001212
001213
001214
001215
001216
001217
001218
001219
001220
001221
001222
001223
001224
001225
001226
001228
001229
001230
001231
001232
001233
001235
001237
001238
001239
001241
001242
001243
001244
001245
001246
001249
001250
001252
001254
001256
001258
001259
001261
001263
001264
001266
001267
001270
001271
001273
001275
001281
001283
001286
001291
001292
001307
001320
001321
001322
001323
001324
001325
001326
001327
001328
001329
001330
001331
001332
001333
001335
001336
001337
001338
001339
001340
001341
001342
001343
001344
001346
001347
001348
001350
001352
001353
001354
001355
001358
001359
001361
001362
001363
001365
001366
001369
001370
001371
001373
001374
001379
001380
001383
001388
001389
001391
001394
001398
001401
001403
001419
001430
001431
001432
001433
001434
001435
001436
001437
001438
001439
001440
001441
001442
001443
001444
001445
001446
001447
001448
001450
001451
001452
001453
001454
001455
001457
001458
001460
001461
001463
001464
001465
001466
001467
001472
001473
001474
001475
001478
001479
001480
001481
001484
001486
001489
001490
001493
001495
001497
001500
001502
001504
001510
001511
001521
001540
001541
001542
001543
001544
001545
001546
001547
001548
001549
001550
001551
001552
001553
001555
001556
001557
001558
001559
001560
001561
001562
001564
001565
001566
001568
001569
001570
001571
001573
001574
001575
001576
001577
001581
001582
001585
001586
001587
001589
001592
001593
001595
001598
001599
001601
001603
001607
001609
001612
001613
001614
001620
001626
001633
001650
001651
001652
001653
001654
001655
001656
001657
001658
001659
001660
001661
001662
001663
001664
001666
001667
001668
001669
001670
001671
001672
001673
001675
001676
001677
001678
001680
001682
001683
001684
001685
001687
001688
001690
001691
001693
001696
001697
001698
001702
001704
001705
001707
001709
001711
001712
001717
001719
001722
001725
001729
001730
001732
001744
001760
001761
001762
001763
001764
001765
001766
001767
001768
001769
001770
001771
001772
001774
001775
001776
001777
001778
001779
001780
001781
001782
001783
001784
001785
001786
001787
001790
001791
001792
001794
001795
001797
001799
001800
001801
001803
001804
001808
001809
001810
001814
001815
001817
001818
001821
001822
001827
001829
001831
001833
001837
001843
001844
001856
001870
001871
001872
001873
001874
001875
001876
001877
001878
001879
001880
001881
001882
001883
001885
001886
001887
001888
001889
001890
001891
001893
001894
001895
001896
001897
001899
001900
001901
001902
001903
001904
001908
001909
001912
001915
001916
001917
001918
001919
001921
001924
001925
001928
001929
001933
001934
001937
001938
001945
001947
001949
001954
001956
001966
001980
001981
001982
001983
001984
001985
001986
001987
001988
001989
001990
001991
001992
001993
001994
001995
001996
001997
001998
002000
002001
002003
002004
002005
002007
002008
002009
002011
002013
002014
002015
002016
002017
002019
002021
002023
002024
002025
002026
002027
002030
002034
002035
002038
002039
002040
002045
002046
002049
002052
002054
002055
002062
002064
002070
002090
002091
002092
002093
002094
002095
002096
002097
002098
002099
002101
002102
002103
002104
002105
002106
002107
002108
002109
002110
002111
002112
002113
002115
002116
002117
002118
002120
002121
002123
002125
002127
002128
002129
002130
002132
002133
002134
002137
002138
002142
002144
002145
002146
002147
002150
002151
002156
002159
002163
002165
002168
002171
002173
002187
002200
002201
002202
002203
002204
002205
002206
002207
002208
002209
002210
002211
002212
002214
002215
002216
002217
002218
002219
002220
002221
002222
002223
002224
002225
002228
002229
002230
002231
002233
002235
002236
002237
002239
002242
002243
002244
002245
002246
002247
002250
002252
002255
002256
002257
002260
002261
002262
002269
002271
002275
002277
002282
002285
002299
002310
002311
002312
002313
002314
002315
002316
002317
002318
002319
002320
002321
002322
002323
002324
002326
002327
002328
002329
002330
002331
002332
002334
002335
002337
002338
002339
002340
002341
002343
002346
002347
002348
002349
002351
002352
002353
002354
002355
002358
002360
002361
002364
002366
002369
002370
002372
002374
002376
002380
002382
002383
002390
002396
002406
002420
002421
002422
002423
002424
002425
002426
002427
002428
002429
002430
002432
002433
002434
002435
002436
002437
002438
002439
002440
002441
002444
002445
002446
002447
002448
002449
002450
002451
002452
002455
002456
002458
002459
002460
002461
002462
002463
002465
002468
002470
002471
002475
002477
002478
002482
002485
002486
002487
002491
002496
002497
002503
002506
002510
002530
002531
002532
002533
002534
002535
002536
002537
002538
002539
002540
002542
002543
002544
002545
002546
002547
002548
002549
002550
002552
002554
002555
002556
002557
002558
002559
002560
002561
002563
002565
002567
002568
002569
002570
002573
002574
002575
002577
002578
002580
002581
002583
002584
002587
002590
002591
002592
002595
002603
002605
002607
002614
002616
002620
002640
002641
002642
002643
002644
002645
002646
002647
002648
002649
002650
002652
002653
002654
002655
002656
002657
002658
002659
002662
002663
002664
002665
002666
002667
002668
002669
002670
002671
002673
002675
002676
002678
002679
002680
002682
002683
002684
002686
002688
002692
002693
002695
002697
002699
002703
002704
002707
002709
002715
002716
002717
002725
002728
002734
002750
002751
002752
002753
002754
002755
002756
002757
002758
002759
002761
002762
002763
002764
002765
002766
002767
002768
002769
002770
002771
002773
002774
002775
002776
002778
002779
002780
002781
002783
002784
002785
002786
002789
002790
002792
002794
002796
002797
002798
002801
002806
002807
002808
002809
002811
002812
002814
002818
002822
002826
002828
002831
002839
002841
002860
002861
002862
002863
002864
002865
002866
002867
002868
002869
002870
002871
002872
002873
002874
002875
002876
002877
002878
002881
002882
002883
002884
002885
002886
002887
002889
002891
002892
002894
002896
002897
002898
002899
002900
002902
002905
002906
002907
002908
002910
002911
002916
002918
002919
002920
002923
002924
002926
002934
002938
002939
002947
002948
002959
002970
002971
002972
002973
002974
002975
002976
002977
002978
002979
002980
002981
002982
002983
002984
002985
002987
002988
002989
002990
002991
002992
002993
002994
002995
002997
002998
003000
003001
003002
003003
003004
003008
003009
003010
003011
003013
003015
003018
003019
003020
003022
003023
003027
003028
003030
003033
003034
003036
003043
003044
003047
003053
003056
003065
003080
003081
003082
003083
003084
003085
003086
003087
003088
003089
003090
003091
003092
003093
003094
003096
003097
003098
003099
003100
003101
003103
003104
003106
003107
003108
003109
003110
003111
003112
003113
003115
003117
003118
003121
003123
003125
003127
003128
003129
003130
003131
003133
003135
003137
003143
003147
003148
003149
003151
003157
003159
003162
003164
003171
003190
003191
003192
003193
003194
003195
003196
003197
003198
003199
003200
003201
003202
003203
003204
003205
003206
003208
003209
003210
003211
003212
003213
003215
003217
003218
003219
003221
003222
003223
003224
003225
003226
003228
003230
003231
003232
003235
003237
003238
003242
003243
003244
003246
003249
003251
003257
003258
003259
003260
003261
003267
003271
003275
003288
003300
003301
003302
003303
003304
003305
003306
003307
003308
003309
003310
003311
003312
003313
003314
003315
003316
003318
003319
003320
003321
003322
003323
003324
003326
003328
003329
003330
003331
003332
003333
003335
003336
003339
003341
003342
003343
003344
003345
003347
003350
003351
003352
003354
003357
003361
003362
003366
003369
003374
003376
003379
003381
003389
003397
003410
003411
003412
003413
003414
003415
003416
003417
003418
003419
003420
003421
003422
003423
003425
003426
003427
003428
003429
003431
003432
003433
003434
003435
003436
003438
003439
003440
003442
003443
003444
003446
003447
003448
003450
003451
003453
003454
003457
003459
003462
003463
003464
003466
003467
003471
003472
003474
003476
003482
003488
003489
003490
003493
003509
003520
003521
003522
003523
003524
003525
003526
003527
003528
003529
003530
003531
003532
003533
003534
003535
003537
003538
003539
003540
003541
003542
003543
003545
003546
003547
003548
003550
003551
003552
003553
003554
003557
003559
003560
003562
003564
003565
003566
003568
003570
003575
003577
003578
003579
003580
003583
003586
003587
003590
003592
003594
003600
003602
003616
003630
003631
003632
003633
003634
003635
003636
003637
003638
003639
003640
003641
003642
003643
003644
003645
003647
003648
003649
003650
003651
003652
003653
003654
003655
003658
003659
003660
003661
003662
003663
003664
003666
003667
003670
003672
003673
003674
003676
003678
003682
003685
003687
003688
003689
003692
003693
003696
003697
003701
003703
003708
003712
003716
003723
003740
003741
003742
003743
003744
003745
003746
003747
003748
003749
003750
003751
003752
003753
003754
003756
003757
003758
003759
003760
003762
003763
003764
003765
003766
003768
003769
003770
003771
003772
003773
003775
003776
003778
003780
003782
003783
003786
003787
003789
003793
003796
003797
003798
003799
003802
003803
003806
003809
003810
003814
003819
003820
003822
003838
003850
003851
003852
003853
003854
003855
003856
003857
003858
003859
003860
003861
003862
003863
003865
003866
003867
003868
003869
003870
003871
003873
003874
003876
003877
003878
003879
003880
003881
003882
003883
003886
003887
003888
003890
003892
003893
003894
003895
003899
003901
003902
003905
003908
003909
003911
003912
003914
003918
003920
003923
003927
003931
003935
003948
003960
003961
003962
003963
003964
003965
003966
003967
003968
003969
003970
003971
003972
003973
003974
003975
003976
003977
003978
003980
003981
003982
003983
003984
003986
003987
003988
003990
003991
003992
003994
003995
003998
003999
004001
004003
004005
004006
004008
004009
004010
004013
004014
004016
004019
004023
004024
004026
004027
004031
004034
004038
004043
004044
004053
004070
004071
004072
004073
004074
004075
004076
004077
004078
004079
004081
004082
004083
004084
004085
004086
004087
004088
004089
004090
004091
004092
004093
004094
004096
004097
004098
004100
004102
004103
004104
004105
004106
004108
004110
004111
004113
004115
004116
004119
004120
004123
004124
004126
004128
004132
004133
004135
004138
004141
004146
004149
004150
004151
004169
004180
004181
004182
004183
004184
004185
004186
004187
004188
004189
004190
004191
004192
004193
004194
004195
004197
004198
004199
004200
004202
004203
004204
004205
004206
004207
004208
004210
004211
004212
004213
004214
004216
004218
004222
004224
004225
004226
004227
004229
004231
004232
004237
004238
004239
004241
004243
004244
004245
004251
004254
004259
004261
004266
004277
004290
004291
004292
004293
004294
004295
004296
004297
004298
004299
004300
004301
004302
004303
004304
004305
004307
004308
004309
004310
004312
004313
004314
004315
004316
004317
004318
004320
004321
004322
004323
004325
004326
004327
004330
004331
004333
004336
004337
004338
004340
004343
004346
004347
004349
004352
004355
004358
004359
004365
004366
004368
004371
004376
004382
004400
004401
004402
004403
004404
004405
004406
004407
004408
004409
004410
004411
004412
004413
004414
004415
004416
004418
004419
004420
004421
004422
004423
004424
004426
004427
004428
004430
004433
004434
004435
004436
004437
004438
004441
004443
004445
004446
004447
004449
004451
004452
004455
004457
004459
004462
004467
004468
004469
004471
004473
004479
004482
004486
004496
004510
004511
004512
004513
004514
004515
004516
004517
004518
004519
004520
004521
004522
004523
004525
004526
004527
004528
004529
004530
004532
004533
004535
004536
004537
004538
004539
004541
004542
004544
004545
004546
004547
004548
004551
004552
004553
004554
004555
004556
004564
004565
004566
004567
004569
004570
004572
004574
004577
004580
004581
004586
004594
004599
004602
004620
004621
004622
004623
004624
004625
004626
004627
004628
004629
004630
004631
004632
004633
004635
004636
004637
004638
004639
004640
004641
004642
004644
004645
004647
004648
004649
004650
004651
004652
004654
004655
004658
004659
004660
004662
004663
004666
004667
004669
004671
004676
004677
004678
004679
004680
004682
004687
004689
004692
004693
004694
004703
004704
004714
004730
004731
004732
004733
004734
004735
004736
004737
004738
004739
004740
004741
004742
004743
004745
004746
004747
004748
004749
004750
004751
004754
004755
004756
004757
004758
004759
004760
004762
004763
004764
004765
004767
004768
004770
004771
004774
004775
004778
004779
004782
004783
004785
004787
004789
004791
004794
004796
004799
004800
004801
004802
004817
004819
004824
004840
004841
004842
004843
004844
004845
004846
004847
004848
004849
004850
004851
004852
004853
004854
004855
004856
004858
004859
004861
004863
004864
004865
004866
004867
004868
004869
004871
004872
004873
004874
004876
004877
004878
004882
004883
004884
004885
004886
004889
004890
004892
004894
004895
004897
004900
004905
004906
004909
004911
004915
004917
004926
004928
004932
004950
004951
004952
004953
004954
004955
004956
004957
004958
004959
004960
004961
004962
004963
004964
004965
004966
004967
004968
004970
004971
004972
004973
004974
004975
004976
004979
004980
004981
004983
004984
004986
004988
004989
004990
004992
004994
004996
004997
004998
005001
005003
005004
005007
005009
005010
005013
005014
005018
005022
005024
005029
005033
005036
005048
005060
005061
005062
005063
005064
005065
005066
005067
005068
005069
005070
005071
005072
005073
005075
005076
005077
005078
005079
005080
005081
005082
005083
005084
005085
005088
005089
005092
005093
005094
005095
005096
005098
005099
005100
005101
005103
005104
005107
005109
005110
005111
005113
005117
005119
005120
005121
005125
005128
005131
005135
005137
005148
005149
005159
005170
005171
005172
005173
005174
005175
005176
005177
005178
005179
005180
005181
005182
005184
005185
005186
005187
005188
005189
005190
005191
005194
005195
005196
005197
005198
005199
005200
005201
005205
005206
005207
005208
005209
005210
005212
005215
005216
005218
005219
005221
005222
005223
005224
005225
005231
005234
005236
005239
005241
005243
005249
005250
005251
005261
005280
005281
005282
005283
005284
005285
005286
005287
005288
005289
005290
005291
005292
005293
005294
005296
005297
005298
005299
005300
005301
005302
005303
005306
005307
005308
005309
005310
005311
005312
005313
005315
005317
005319
005320
005322
005323
005325
005327
005328
005330
005331
005335
005336
005339
005340
005342
005343
005347
005350
005352
005353
005362
005368
005371
005390
005391
005392
005393
005394
005395
005396
005397
005398
005399
005400
005401
005402
005403
005404
005405
005406
005408
005409
005410
005411
005412
005413
005414
005415
005418
005419
005420
005421
005422
005426
005427
005428
005429
005430
005431
005432
005433
005437
005439
005441
005442
005443
005447
005449
005454
005456
005457
005459
005464
005465
005466
005472
005477
005480
005500
005501
005502
005503
005504
005505
005506
005507
005508
005509
005510
005512
005513
005514
005515
005516
005517
005518
005519
005520
005522
005523
005525
005526
005527
005528
005529
005530
005532
005533
005534
005536
005537
005539
005540
005541
005542
005545
005547
005549
005550
005551
005555
005557
005559
005560
005561
005567
005569
005571
005572
005579
005581
005588
005597
005610
005611
005612
005613
005614
005615
005616
005617
005618
005619
005620
005621
005623
005624
005625
005626
005627
005628
005629
005630
005632
005634
005635
005636
005637
005638
005639
005641
005642
005644
005645
005646
005647
005648
005652
005654
005655
005656
005657
005659
005662
005663
005664
005665
005669
005672
005673
005674
005679
005683
005684
005688
005690
005694
005708
005720
005721
005722
005723
005724
005725
005726
005727
005728
005729
005730
005731
005732
005733
005734
005735
005736
005737
005739
005740
005741
005742
005743
005745
005746
005747
005749
005752
005753
005754
005756
005757
005758
005759
005762
005763
005764
005766
005768
005769
005771
005773
005774
005775
005776
005780
005782
005784
005788
005791
005793
005795
005804
005807
005816
005830
005831
005832
005833
005834
005835
005836
005837
005838
005839
005840
005842
005843
005844
005845
005846
005847
005848
005849
005850
005851
005853
005854
005855
005856
005857
005859
005862
005863
005865
005866
005867
005868
005869
005871
005872
005874
005875
005876
005879
005880
005881
005884
005887
005888
005894
005895
005896
005897
005900
005901
005909
005915
005917
005925
005940
005941
005942
005943
005944
005945
005946
005947
005948
005949
005950
005951
005952
005953
005954
005955
005956
005957
005959
005960
005962
005963
005965
005966
005967
005968
005969
005970
005971
005972
005974
005975
005977
005979
005982
005984
005985
005986
005988
005989
005991
005993
005995
005996
005997
006001
006002
006003
006005
006015
006016
006018
006024
006025
006033
006050
006051
006052
006053
006054
006055
006056
006057
006058
006059
006060
006061
006062
006064
006065
006066
006067
006068
006069
006070
006071
006073
006074
006075
006076
006077
006078
006080
006081
006082
006084
006087
006088
006089
006090
006091
006092
006094
006096
006099
006102
006103
006105
006106
006108
006110
006112
006116
006117
006121
006123
006128
006130
006135
006145
006160
006161
006162
006163
006164
006165
006166
006167
006168
006169
006170
006171
006172
006174
006175
006176
006177
006178
006179
006180
006181
006182
006183
006185
006187
006188
006189
006192
006193
006194
006195
006196
006197
006198
006200
006201
006202
006203
006206
006208
006210
006212
006213
006216
006217
006223
006224
006226
006227
006234
006236
006238
006241
006248
006256
006270
006271
006272
006273
006274
006275
006276
006277
006278
006279
006281
006282
006283
006284
006285
006286
006287
006288
006289
006290
006291
006292
006293
006295
006296
006298
006299
006300
006301
006302
006304
006306
006307
006308
006310
006311
006313
006314
006315
006316
006321
006325
006326
006327
006328
006330
006332
006333
006338
006340
006342
006344
006352
006354
006362
006380
006381
006382
006383
006384
006385
006386
006387
006388
006389
006391
006392
006393
006394
006395
006396
006397
006398
006399
006400
006402
006404
006405
006406
006407
006408
006409
006410
006411
006412
006416
006417
006418
006419
006420
006421
006423
006424
006427
006428
006430
006432
006434
006435
006438
006440
006445
006447
006448
006450
006453
006454
006461
006463
006478
006490
006491
006492
006493
006494
006495
006496
006497
006498
006499
006500
006502
006503
006504
006505
006506
006507
006508
006509
006510
006511
006512
006513
006515
006517
006518
006519
006521
006522
006523
006524
006525
006526
006529
006530
006533
006535
006537
006538
006539
006541
006544
006546
006548
006549
006551
006555
006557
006559
006560
006564
006568
006575
006579
006585
006600
006601
006602
006603
006604
006605
006606
006607
006608
006609
006610
006611
006612
006613
006614
006615
006616
006617
006619
006621
006622
006623
006624
006625
006626
006628
006629
006630
006633
006634
006635
006636
006637
006639
006640
006641
006643
006644
006645
006647
006652
006654
006655
006656
006657
006661
006662
006665
006666
006670
006675
006678
006681
006685
006698
006710
006711
006712
006713
006714
006715
006716
006717
006718
006719
006720
006721
006723
006724
006725
006726
006727
006728
006729
006730
006732
006733
006734
006735
006736
006737
006739
006740
006741
006742
006745
006747
006748
006749
006750
006753
006754
006755
006756
006758
006760
006762
006767
006768
006769
006770
006771
006773
006776
006781
006783
006788
006794
006796
006801
006820
006821
006822
006823
006824
006825
006826
006827
006828
006829
006830
006831
006832
006833
006834
006835
006836
006837
006838
006841
006842
006844
006845
006846
006847
006848
006849
006850
006852
006854
006855
006856
006858
006859
006860
006863
006864
006865
006866
006868
006871
006873
006876
006877
006879
006881
006885
006888
006889
006890
006891
006893
006902
006908
006914
006930
006931
006932
006933
006934
006935
006936
006937
006938
006939
006940
006941
006942
006943
006945
006946
006947
006948
006949
006950
006951
006952
006953
006955
006956
006957
006958
006960
006961
006962
006965
006967
006968
006969
006972
006974
006975
006976
006977
006979
006980
006983
006986
006987
006988
006991
006993
006997
006999
007002
007003
007004
007012
007019
007028
007040
007041
007042
007043
007044
007045
007046
007047
007048
007049
007050
007051
007052
007053
007054
007056
007057
007058
007059
007061
007062
007064
007065
007066
007067
007068
007069
007070
007071
007072
007073
007074
007076
007078
007081
007083
007084
007085
007086
007088
007090
007091
007095
007097
007098
007102
007103
007104
007106
007110
007115
007119
007121
007129
007130
007150
007151
007152
007153
007154
007155
007156
007157
007158
007159
007160
007161
007162
007163
007164
007165
007167
007168
007169
007171
007172
007174
007175
007176
007177
007178
007179
007180
007181
007184
007185
007186
007187
007188
007190
007193
007194
007196
007198
007199
007200
007204
007205
007206
007209
007211
007213
007216
007217
007222
007227
007229
007233
007235
007242
007260
007261
007262
007263
007264
007265
007266
007267
007268
007269
007270
007271
007272
007273
007274
007276
007277
007278
007279
007281
007282
007283
007284
007285
007286
007288
007289
007291
007294
007295
007296
007297
007298
007299
007300
007301
007302
007303
007304
007305
007310
007311
007314
007316
007317
007321
007322
007323
007328
007331
007335
007336
007343
007348
007357
007370
007371
007372
007373
007374
007375
007376
007377
007378
007379
007380
007381
007382
007383
007384
007385
007386
007388
007389
007391
007392
007393
007394
007395
007397
007398
007399
007400
007401
007402
007403
007404
007407
007408
007411
007412
007415
007416
007417
007419
007421
007422
007423
007424
007428
007430
007431
007436
007439
007440
007445
007449
007457
007459
007462
007480
007481
007482
007483
007484
007485
007486
007487
007488
007489
007490
007491
007492
007494
007495
007496
007497
007498
007499
007500
007501
007503
007504
007505
007506
007507
007509
007512
007513
007515
007516
007517
007518
007519
007520
007522
007524
007525
007526
007529
007532
007533
007535
007536
007537
007542
007545
007548
007549
007551
007554
007555
007561
007567
007579
007590
007591
007592
007593
007594
007595
007596
007597
007598
007599
007600
007601
007602
007604
007605
007606
007607
007608
007609
007610
007611
007612
007614
007615
007616
007617
007618
007620
007623
007624
007625
007626
007627
007629
007630
007632
007633
007635
007636
007639
007641
007642
007643
007645
007646
007650
007651
007652
007653
007663
007666
007667
007675
007676
007682
007700
007701
007702
007703
007704
007705
007706
007707
007708
007709
007710
007711
007712
007713
007715
007716
007717
007718
007719
007720
007721
007723
007724
007725
007726
007727
007728
007730
007731
007732
007733
007736
007737
007738
007741
007742
007744
007745
007746
007749
007750
007752
007753
007755
007758
007761
007762
007763
007765
007772
007777
007778
007781
007785
007798
007810
007811
007812
007813
007814
007815
007816
007817
007818
007819
007820
007821
007822
007823
007824
007825
007826
007827
007828
007831
007832
007833
007834
007835
007836
007837
007838
007840
007842
007843
007844
007845
007846
007849
007850
007852
007853
007855
007857
007859
007862
007863
007865
007867
007869
007870
007875
007876
007877
007880
007881
007882
007894
007897
007908
007920
007921
007922
007923
007924
007925
007926
007927
007928
007929
007930
007931
007932
007933
007934
007935
007936
007937
007939
007940
007941
007943
007944
007945
007946
007947
007948
007950
007952
007953
007954
007956
007957
007958
007961
007963
007964
007965
007967
007968
007970
007974
007975
007976
007978
007980
007982
007985
007987
007990
007993
007994
008006
008008
008015
008030
008031
008032
008033
008034
008035
008036
008037
008038
008039
008040
008041
008042
008043
008044
008045
008047
008048
008049
008051
008052
008053
008054
008055
008056
008057
008058
008060
008062
008063
008064
008065
008067
008069
008070
008071
008072
008073
008074
008078
008080
008081
008084
008085
008086
008091
008093
008095
008096
008103
008108
008109
008110
008111
008121
008140
008141
008142
008143
008144
008145
008146
008147
008148
008149
008150
008151
008152
008153
008154
008155
008157
008158
008159
008161
008162
008163
008164
008165
008167
008168
008169
008170
008171
008172
008173
008175
008177
008179
008180
008181
008184
008186
008187
008189
008190
008191
008195
008196
008197
008202
008203
008205
008209
008212
008213
008218
008221
008225
008237
008250
008251
008252
008253
008254
008255
008256
008257
008258
008259
008260
008261
008262
008263
008264
008265
008266
008267
008268
008270
008271
008272
008273
008274
008277
008278
008279
008280
008281
008282
008283
008285
008286
008289
008291
008294
008295
008296
008297
008299
008300
008301
008302
008307
008309
008311
008312
008315
008318
008321
008325
008327
008331
008337
008341
008360
008361
008362
008363
008364
008365
008366
008367
008368
008369
008370
008371
008372
008373
008374
008375
008376
008377
008378
008380
008382
008383
008384
008385
008387
008388
008389
008390
008392
008393
008394
008397
008398
008399
008400
008401
008402
008403
008405
008406
008411
008412
008413
008414
008419
008420
008423
008426
008428
008434
008435
008436
008444
008446
008451
008470
008471
008472
008473
008474
008475
008476
008477
008478
008479
008480
008481
008482
008483
008484
008485
008487
008488
008489
008490
008492
008493
008494
008495
008497
008498
008499
008501
008502
008504
008505
008506
008508
008509
008510
008512
008513
008517
008518
008519
008521
008523
008524
008525
008528
008530
008531
008532
008536
008540
008541
008549
008550
008558
008563
008580
008581
008582
008583
008584
008585
008586
008587
008588
008589
008590
008592
008593
008594
008595
008596
008597
008598
008599
008600
008602
008603
008604
008605
008606
008608
008609
008610
008611
008612
008614
008616
008618
008619
008620
008622
008623
008625
008628
008629
008631
008636
008637
008638
008639
008640
008641
008645
008649
008654
008657
008659
008661
008666
008673
008690
008691
008692
008693
008694
008695
008696
008697
008698
008699
008700
008701
008703
008704
008705
008706
008707
008708
008709
008710
008711
008712
008714
008715
008717
008718
008719
008722
008723
008724
008725
008726
008727
008728
008730
008731
008733
008734
008735
008737
008743
008744
008746
008747
008748
008754
008756
008757
008758
008765
008766
008768
008770
008776
008789
008800
008801
008802
008803
008804
008805
008806
008807
008808
008809
008810
008811
008813
008814
008815
008816
008817
008818
008819
008820
008821
008822
008823
008824
008825
008827
008828
008830
008831
008833
008835
008837
008838
008839
008840
008842
008844
008845
008846
008847
008850
008851
008852
008858
008859
008861
008864
008866
008867
008872
008873
008879
008883
008888
008893
008910
008911
008912
008913
008914
008915
008916
008917
008918
008919
008920
008921
008922
008923
008924
008925
008927
008928
008929
008931
008932
008933
008934
008936
008937
008938
008939
008940
008941
008942
008943
008945
008947
008948
008950
008951
008952
008956
008957
008958
008960
008962
008964
008966
008967
008970
008972
008973
008976
008981
008982
008989
008996
008999
009005
009020
009021
009022
009023
009024
009025
009026
009027
009028
009029
009030
009031
009032
009033
009034
009035
009036
009038
009039
009041
009042
009044
009045
009046
009047
009048
009049
009051
009053
009054
009055
009056
009057
009059
009060
009061
009063
009064
009067
009069
009071
009072
009073
009074
009079
009080
009082
009088
009089
009092
009097
009099
009107
009109
009113
009130
009131
009132
009133
009134
009135
009136
009137
009138
009139
009140
009141
009142
009143
009144
009145
009147
009148
009149
009150
009151
009153
009154
009155
009157
009158
009159
009161
009162
009164
009165
009166
009167
009168
009170
009173
009175
009176
009177
009179
009180
009181
009182
009187
009189
009190
009192
009196
009197
009201
009202
009206
009212
009219
009226
009240
009241
009242
009243
009244
009245
009246
009247
009248
009249
009250
009251
009252
009253
009254
009255
009256
009258
009259
009260
009261
009262
009264
009265
009266
009267
009268
009270
009271
009272
009274
009276
009277
009279
009282
009284
009285
009286
009287
009288
009290
009291
009292
009293
009299
009300
009303
009305
009308
009311
009314
009316
009320
009327
009330
009350
009351
009352
009353
009354
009355
009356
009357
009358
009359
009360
009362
009363
009364
009365
009366
009367
009368
009369
009370
009371
009372
009374
009375
009376
009378
009379
009380
009381
009382
009383
009384
009388
009389
009390
009392
009393
009394
009395
009399
009403
009405
009407
009408
009409
009413
009416
009417
009418
009425
009427
009429
009431
009439
009444
009460
009461
009462
009463
009464
009465
009466
009467
009468
009469
009470
009472
009473
009474
009475
009476
009477
009478
009479
009480
009481
009482
009483
009484
009486
009487
009489
009490
009491
009492
009493
009495
009498
009499
009500
009502
009504
009505
009507
009508
009512
009513
009514
009517
009518
009521
009526
009528
009529
009532
009534
009537
009541
009543
009550
009570
009571
009572
009573
009574
009575
009576
009577
009578
009579
009580
009581
009582
009583
009584
009585
009586
009588
009589
009590
009591
009593
009595
009596
009597
009598
009599
009601
009602
009603
009604
009605
009608
009609
009611
009612
009615
009616
009617
009618
009622
009624
009625
009627
009628
009630
009631
009636
009637
009642
009643
009644
009650
009658
009666
009680
009681
009682
009683
009684
009685
009686
009687
009688
009689
009690
009691
009692
009693
009695
009696
009697
009698
009699
009701
009703
009704
009705
009706
009707
009708
009709
009710
009711
009712
009715
009716
009717
009718
009721
009723
009726
009727
009728
009729
009730
009731
009733
009738
009739
009742
009747
009748
009749
009754
009757
009759
009765
009768
009771
009790
009791
009792
009793
009794
009795
009796
009797
009798
009799
009800
009801
009802
009803
009804
009805
009806
009807
009809
009810
009812
009813
009814
009815
009816
009817
009818
009820
009822
009823
009825
009827
009828
009829
009831
009832
009835
009837
009838
009839
009840
009841
009844
009846
009849
009850
009852
009857
009858
009861
009867
009868
009874
009877
009881
009900
009901
009902
009903
009904
009905
009906
009907
009908
009909
009910
009911
009912
009913
009915
009916
009917
009918
009919
009920
009921
009923
009924
009926
009927
009928
009929
009931
009932
009933
009935
009936
009938
009939
009940
009941
009942
009947
009948
009949
009950
009952
009953
009955
009958
009961
009962
009963
009966
009975
009977
009979
009983
009988
009999
010015
010016
010019
010021
010023
010026
010027
010028
010029
010033
010034
010035
010036
010038
010041
010042
010043
010044
010048
010049
010053
010056
010057
010059
010060
010065
010066
010067
010069
010071
010072
010074
010076
010079
010081
010082
010083
